300	87.5	88.7931	81.4655	77.5862	74.1379	71.5517	300	300	300	300	300	300	300	300	65.5172	67.2414	69.3966	67.2414	72.8448	76.2931	300	300	300	300	300	300	300	300	300	300	300
300	300	300	300	300	300	300	300	300	300	300	300	43.5345	50	62.5	65.0862	70.2586	70.6897	300	300	300	300	300	300	300	300	47.4138	34.4828	34.4828	34.0517	24.569	19.8276
300	300	300	300	300	300	300	300	300	57.3276	53.8793	50.431	50.8621	53.4483	64.6552	300	300	300	300	300	300	300	300	300	300	300	300	300	300	300	300	300
88.3621	85.3448	81.8966	81.0345	74.1379	71.1207	300	300	300	300	55.6034	54.7414	57.3276	53.8793	61.2069	67.2414	300	300	300	300	300	300	72.8448	62.931	66.8103	59.9138	50.8621	47.4138	300	300	300	300
300	300	300	300	300	67.2414	57.3276	41.8103	39.6552	46.5517	53.0172	300	300	300	300	300	300	300	300	300	68.5345	75	65.9483	66.3793	71.9828	62.5	300	300	300	300	300	300
300	300	300	75.8621	71.9828	60.3448	40.5172	29.3103	38.3621	300	300	300	39.2241	45.6897	56.8966	65.9483	65.0862	65.9483	300	300	300	300	300	300	300	300	300	300	300	300	300	300
72.4138	70.2586	72.4138	74.1379	68.9655	49.569	300	300	300	300	300	300	300	300	300	57.7586	62.069	63.3621	56.4655	62.5	70.6897	300	300	300	300	72.8448	64.2241	62.069	52.1552	47.4138	46.1207	300
300	300	300	300	300	300	300	300	43.5345	46.1207	36.6379	21.9828	24.1379	34.9138	300	51.7241	59.0517	59.0517	54.7414	65.5172	70.2586	300	300	300	300	300	300	300	300	300	300	300
300	300	300	300	300	300	300	300	300	300	29.7414	18.9655	22.4138	32.7586	42.6724	51.2931	300	300	300	300	300	65.0862	72.8448	73.2759	71.1207	66.8103	67.2414	300	300	300	300	300
300	87.5	89.2241	77.1552	53.0172	28.4483	21.9828	300	300	300	300	300	300	300	300	300	300	300	300	300	300	300	300	300	300	60.7759	64.6552	62.931	62.069	57.3276	45.2586	300
300	300	300	65.5172	41.3793	20.6897	23.7069	35.7759	43.5345	300	300	300	300	300	300	300	300	300	300	72.8448	61.6379	68.5345	63.7931	63.3621	60.3448	300	300	300	300	300	300	300
300	300	75.431	56.8966	34.4828	20.6897	28.8793	39.6552	300	300	300	300	300	300	300	300	300	300	300	300	300	300	300	300	300	300	68.1034	62.5	57.7586	52.5862	37.931	25.8621
71.5517	74.1379	66.3793	45.6897	30.6034	27.5862	300	300	300	300	30.1724	27.1552	29.7414	40.9483	53.8793	55.6034	300	300	300	300	300	300	300	56.0345	55.6034	60.7759	62.069	54.7414	43.9655	300	300	300
300	300	300	300	300	300	300	300	300	300	300	300	300	300	300	55.1724	56.0345	57.3276	63.3621	62.931	59.9138	300	300	300	300	300	300	300	300	300	300	300
300	300	300	300	300	300	300	48.7069	43.1034	31.8966	27.5862	33.1897	40.5172	300	300	300	300	300	300	300	300	56.4655	56.0345	53.4483	55.1724	54.3103	54.7414	300	300	300	300	300
56.8966	49.569	28.4483	23.2759	28.0172	34.4828	300	300	300	300	300	32.3276	43.9655	58.6207	59.4828	56.0345	57.3276	300	57.7586	60.7759	57.7586	56.8966	55.1724	55.1724	300	300	300	300	300	300	300	300
300	300	300	27.5862	33.6207	41.8103	53.0172	54.3103	45.6897	300	300	300	300	300	300	300	300	300	300	300	300	300	300	300	47.4138	47.8448	51.7241	34.4828	22.4138	16.3793	300	300
300	300	300	300	300	300	300	300	300	300	28.0172	37.069	46.1207	50	51.7241	54.3103	300	300	300	300	300	50	43.1034	46.5517	41.3793	43.1034	46.5517	300	300	300	300	300
300	300	300	300	300	300	300	300	300	300	300	300	300	51.7241	54.7414	54.3103	50.8621	52.1552	53.0172	300	300	300	300	300	300	300	39.2241	23.2759	10.7759	7.32759	1.72414	0.5
300	31.0345	25	27.5862	37.931	47.8448	52.1552	300	300	28.4483	39.6552	55.1724	59.4828	59.4828	60.7759	300	300	300	300	300	44.3966	41.8103	49.1379	47.4138	41.3793	40.5172	300	300	300	300	300	300
300	300	300	300	300	300	300	300	300	300	300	300	300	55.6034	56.4655	53.4483	50.431	51.2931	52.1552	300	300	300	300	300	300	300	28.4483	21.5517	24.569	22.4138	8.62069	7.32759
34.0517	23.2759	25.8621	33.6207	40.0862	43.9655	300	300	34.4828	42.2414	51.7241	53.4483	56.8966	58.1897	300	300	300	300	300	300	300	300	55.6034	47.8448	43.1034	41.3793	26.2931	26.2931	300	300	300	300
300	300	300	300	37.931	42.6724	45.6897	43.9655	44.8276	53.0172	300	300	300	300	300	300	300	50.431	46.5517	40.0862	42.2414	48.7069	52.1552	300	300	300	300	300	300	300	300	300
300	300	300	300	300	300	300	300	300	300	61.6379	65.0862	64.6552	64.2241	64.6552	60.3448	300	300	300	300	300	300	300	300	300	29.7414	21.9828	21.9828	23.7069	27.1552	23.7069	300
300	300	23.2759	29.7414	36.2069	40.9483	45.6897	45.6897	300	300	300	300	300	300	67.6724	60.7759	51.2931	47.4138	46.1207	50.8621	300	60.7759	61.2069	53.8793	48.7069	32.3276	21.1207	300	300	300	300	300
300	300	300	300	300	300	300	300	300	300	300	59.0517	63.3621	69.8276	73.2759	65.5172	57.7586	300	300	300	300	300	300	300	300	300	17.6724	18.9655	26.2931	31.4655	32.3276	34.9138
9.48276	12.5	15.9483	21.1207	28.4483	37.931	300	300	51.7241	55.6034	60.3448	65.0862	71.5517	72.8448	300	300	300	300	300	64.2241	75.431	84.0517	81.4655	76.2931	60.7759	300	300	300	300	300	300	300
300	300	300	300	300	39.6552	37.931	39.6552	42.2414	46.5517	55.1724	300	300	300	300	300	300	300	300	66.8103	75.8621	84.0517	80.6034	75.8621	62.931	41.3793	28.8793	31.8966	41.8103	45.6897	49.569	300
300	18.5345	25.8621	31.8966	35.7759	34.0517	29.3103	300	300	300	300	300	300	300	52.1552	58.6207	71.5517	79.7414	80.1724	79.3103	300	300	300	300	300	300	300	300	300	300	300	300
300	300	300	300	300	300	300	300	300	300	60.3448	72.4138	68.5345	57.3276	57.7586	66.3793	300	300	300	300	300	300	300	300	300	300	71.9828	70.6897	63.3621	55.6034	37.931	25.8621
300	300	23.7069	29.3103	33.1897	29.3103	26.7241	29.7414	300	300	300	300	300	300	300	300	300	300	78.4483	84.4828	93.5345	86.6379	74.569	67.2414	300	300	300	300	300	300	300	300
300	300	300	300	300	300	24.1379	27.1552	39.6552	58.1897	68.9655	68.1034	300	300	300	300	77.1552	75	78.8793	87.931	100	92.2414	300	67.2414	63.7931	65.0862	59.4828	62.931	77.1552	300	300	300
